0.834589 0.256806
0.945255 0.140262
0.905671 0.383612
0.606619 0.361736
0.444027 0.694756
0.757435 0.771811
0.209770 0.835866
0.600730 0.404620
0.471558 0.444652
0.468594 0.263310
0.659553 0.458902
0.107523 0.761480
0.135295 0.190498
0.905350 0.692312
0.219745 0.683545
0.247523 0.341946
0.125379 0.086413
0.241267 0.342357
0.976754 0.987776
0.301526 0.547781
0.753343 0.561335
0.432662 0.361963
0.749978 0.506190
0.884405 0.543099
0.192418 0.872170
0.969683 0.560216
0.461725 0.556504
0.210847 0.168093
0.704789 0.139954
0.393082 0.199730
0.522765 0.860844
0.107170 0.197942
0.207079 0.811781
0.371579 0.595727
0.123157 0.379004
0.908046 0.925611
0.524358 0.750581
0.883277 0.012235
0.232444 0.640232
0.681034 0.370949
0.142703 0.544692
0.408852 0.645929
0.581848 0.124245
0.123304 0.184363
0.364594 0.592599
0.736838 0.810589
0.037413 0.569464
0.794502 0.987486
0.194280 0.670678
0.271067 0.078663
0.820034 0.082568
0.318044 0.714031
0.358464 0.713132
0.705465 0.608740
0.752423 0.096042
0.967694 0.182947
0.028305 0.781943
0.722905 0.110840
0.862536 0.894615
0.646419 0.796177
0.357867 0.339963
0.672850 0.751668
0.593340 0.282847
0.260777 0.817425
0.882843 0.461982
0.934033 0.525767
0.300541 0.565064
0.199938 0.030973
0.356178 0.558648
0.289505 0.200940
0.704726 0.194236
0.331145 0.526881
0.554905 0.286373
0.287817 0.074772
0.346628 0.693370
0.783436 0.467161
0.208042 0.580272
0.565205 0.636272
0.407520 0.818972
0.191858 0.465563
0.557472 0.719140
0.434646 0.584376
0.093426 0.613296
0.213934 0.670984
0.595887 0.235066
0.074429 0.754286
0.934461 0.280559
0.490361 0.352550
0.493620 0.303109
0.275098 0.355955
0.571598 0.528339
0.851651 0.800651
0.691012 0.547826
0.844304 0.309106
0.221804 0.139931
0.858593 0.816700
0.367378 0.269954
0.527561 0.117868
0.726068 0.015674
0.018172 0.434361
0.414348 0.297466
0.943892 0.515049
0.992456 0.432473
0.213499 0.566837
0.275868 0.835211
0.518103 0.395775
0.765402 0.788027
0.104673 0.370925
0.230934 0.130584
0.310207 0.718483
0.647964 0.535437
0.324234 0.088583
0.404041 0.812533
0.709345 0.242122
0.961724 0.344731
0.686965 0.897587
0.817229 0.739252
0.163441 0.608153
0.951887 0.220643
0.367945 0.354952
0.053122 0.674738
0.814932 0.329228
0.567474 0.334009
0.535063 0.686317
0.808986 0.925732
0.626687 0.784412
0.733384 0.605702
0.990281 0.039705
0.645908 0.322082
0.770673 0.233912
0.701708 0.350721
0.610958 0.561616
0.373579 0.079471
0.743980 0.670287
0.068325 0.518764
0.336051 0.870840
0.007349 0.200679
0.508841 0.804206
0.093071 0.298453
0.239777 0.104205
0.935299 0.373572
0.574601 0.632423
0.318709 0.128693
0.545656 0.937788
0.845206 0.408368
0.378891 0.444639
0.015218 0.048829
0.771108 0.665818
0.019904 0.397625
0.518979 0.883632
0.486599 0.206170
0.264187 0.107044
0.196245 0.084239
0.283452 0.798847
0.969588 0.224355
0.860778 0.728963
0.103980 0.673348
0.591292 0.955659
0.839396 0.756652
0.722214 0.057501
0.253933 0.426991
0.854475 0.438372
0.162826 0.711346
0.608972 0.587711
0.998638 0.662184
0.106391 0.328434
0.109039 0.996600
0.623174 0.854661
0.679249 0.293045
0.137562 0.199643
0.996704 0.392092
0.606140 0.895855
0.397729 0.627780
0.625907 0.101419
0.622416 0.549861
0.941450 0.511991
0.942007 0.028590
0.310171 0.507415
0.042578 0.121637
0.613246 0.359247
0.821158 0.860316
0.204340 0.333632
0.350375 0.350636
0.755984 0.140097
0.822075 0.607935
0.619862 0.564406
0.016303 0.978003
0.003058 0.291974
0.400424 0.205747
0.919720 0.996474
0.736021 0.742199
0.313170 0.139420
0.444592 0.233497
0.257332 0.383084
0.986227 0.494201
0.520181 0.040043
0.678491 0.006789
0.389916 0.100943
0.326612 0.543313
0.368112 0.460889
0.852301 0.160667
0.620240 0.332154
0.367010 0.516885
0.341247 0.294531
0.339119 0.182947
0.569269 0.793252
0.710820 0.182944
0.744916 0.744306
0.798419 0.545617
0.031835 0.188621
0.054743 0.147692
0.070592 0.262318
0.439270 0.776941
0.805031 0.045288
0.156715 0.157002
0.907199 0.725566
0.296058 0.587630
0.842121 0.303573
0.534720 0.157639
0.034448 0.446299
0.968924 0.943660
0.702904 0.097233
0.704793 0.198651
0.462361 0.728985
0.895265 0.054195
0.725482 0.847505
0.178046 0.022841
0.427164 0.890221
0.349875 0.946298
0.346988 0.430297
0.834832 0.996460
0.015061 0.502563
0.133959 0.583885
0.441424 0.354137
0.016429 0.974695
0.114096 0.694159
0.614171 0.728717
0.365697 0.547685
0.270706 0.942177
0.751186 0.166663
0.181757 0.099108
0.789842 0.710556
0.881767 0.322258
0.856913 0.188953
0.132084 0.731079
0.939286 0.241144
0.582315 0.903032
0.974780 0.259953
0.125962 0.033542
0.040907 0.741807
0.518959 0.546150
0.149212 0.144640
0.801678 0.968638
0.806410 0.901113
0.334914 0.010256
0.906750 0.372981
0.749215 0.693325
0.057620 0.714640
0.412212 0.958867
0.050636 0.673332
0.046163 0.691487
0.862875 0.830151
0.334092 0.355456
0.077720 0.150438
0.239860 0.413040
0.321013 0.962970
0.260756 0.643735
0.530241 0.262531
0.762064 0.357552
0.013961 0.372590
0.635544 0.125538
0.593831 0.912822
0.521283 0.795350
0.203632 0.445074
0.439056 0.351825
0.213933 0.127454
0.568777 0.125109
0.427531 0.705284
0.517625 0.700115
0.726304 0.835705
0.987910 0.685833
0.800477 0.795504
0.609048 0.041644
0.264271 0.906873
0.608263 0.816410
0.068113 0.396677
0.770608 0.957174
0.600280 0.227282
0.903419 0.922115
0.769771 0.990678
0.534964 0.322662
0.136702 0.973116
0.552881 0.158126
0.277375 0.625003
0.840642 0.431488
0.671988 0.015428
0.104453 0.300864
0.537428 0.614658
0.550311 0.564132
0.072655 0.365297
0.108825 0.550398
0.028921 0.540952
0.081582 0.781721
0.148949 0.387813
0.382268 0.974182
0.785126 0.077592
0.610367 0.096256
0.432955 0.778529
0.680059 0.741034
0.746365 0.552358
0.164239 0.479573
0.364586 0.187621
0.593122 0.350386
0.609009 0.942205
0.613970 0.632206
0.001908 0.492898
0.066286 0.137542
0.072496 0.666705
0.437756 0.315303
0.365668 0.299318
0.785565 0.643095
0.986775 0.491850
0.719045 0.527358
0.985465 0.305764
0.706254 0.979384
0.014871 0.509626
0.930414 0.287288
0.473217 0.456061
0.356710 0.013012
0.231546 0.696556
0.599182 0.022944
0.458835 0.612234
0.639085 0.811210
0.093224 0.002523
0.821845 0.409037
0.750826 0.679510
0.126894 0.516775
0.711583 0.439908
0.579856 0.541753
0.641000 0.244446
0.291628 0.402532
0.383743 0.359289
0.562026 0.568274
0.965439 0.978872
0.140883 0.896871
0.816655 0.713730
0.520211 0.666697
0.192378 0.174483
0.292624 0.539896
0.127673 0.036532
0.794424 0.000027
0.881877 0.446455
0.699373 0.573125
0.363556 0.505605
0.277421 0.696776
0.620422 0.707058
0.439510 0.526784
0.840730 0.660132
0.143322 0.837774
0.814010 0.463471
0.071185 0.556249
0.399162 0.876010
0.714987 0.106945
0.778978 0.418169
0.275636 0.166045
0.611759 0.718971
0.835357 0.747529
0.842627 0.716615
0.025188 0.143032
0.330066 0.945797
0.425128 0.015439
0.133122 0.487413
0.373369 0.949377
0.211485 0.172592
0.435344 0.749842
0.829036 0.590269
0.601104 0.652117
0.754097 0.137193
0.112648 0.807204
0.275892 0.683312
0.914423 0.417460
0.707455 0.251775
0.202583 0.587174
0.814965 0.631024
0.110342 0.613184
0.522200 0.791106
0.616555 0.121430
0.434438 0.867105
0.600040 0.436171
0.875281 0.727658
0.848667 0.744472
0.542894 0.333229
0.417603 0.581077
0.648992 0.162562
0.611682 0.183607
0.541212 0.877097
0.148593 0.366193
0.395926 0.602494
0.320202 0.118150
0.633052 0.740054
0.698948 0.088635
0.216766 0.694604
0.178498 0.208535
0.019564 0.842569
0.815841 0.060705
0.848076 0.270745
0.621061 0.403248
0.175911 0.384114
0.535411 0.802866
0.658837 0.776158
0.072586 0.892065
0.953880 0.935652
0.865987 0.508531
0.648580 0.875066
0.690331 0.234129
0.388276 0.999280
0.759040 0.899995
0.189307 0.213415
0.687822 0.857988
0.230153 0.211639
0.181019 0.015995
0.379162 0.836222
0.571143 0.388834
0.206031 0.131297
0.768086 0.715978
0.227025 0.440073
0.614677 0.312084
0.880529 0.201466
0.043458 0.040851
0.406758 0.581086
0.389835 0.318370
0.962828 0.837893
0.250839 0.467851
0.846882 0.173019
0.541501 0.932656
0.012055 0.157631
0.608233 0.304274
0.579520 0.927419
0.998032 0.127451
0.915621 0.074707
0.834334 0.601928
0.643906 0.601840
0.131921 0.128855
0.188356 0.664824
0.707472 0.698344
0.482055 0.074315
0.897841 0.018096
0.020793 0.147556
0.459761 0.974428
0.201835 0.203795
0.248023 0.185845
0.516241 0.505286
0.455456 0.346286
0.844023 0.029732
0.491515 0.703871
0.893288 0.956093
0.488222 0.048684
0.553226 0.234697
0.076707 0.551419
0.210118 0.691188
0.460129 0.798391
0.393558 0.554552
0.527583 0.354271
0.088421 0.235623
0.086225 0.119624
0.185160 0.527825
0.986350 0.149696
0.582781 0.938324
0.804867 0.410164
0.394554 0.630108
0.275630 0.223154
0.509695 0.543754
0.451062 0.880890
0.993620 0.112237
0.768817 0.359205
0.512523 0.158009
0.978380 0.658675
0.624281 0.351444
0.298596 0.711859
0.507057 0.207119
0.105288 0.042862
0.578443 0.382322
0.892196 0.687741
0.135019 0.863473
0.257755 0.394764
0.082709 0.799773
0.094202 0.791856
0.248338 0.727198
0.810537 0.020174
0.691463 0.060919
0.420723 0.863494
0.087607 0.745659
0.413613 0.296505
0.590039 0.356477
0.777712 0.305863
0.012862 0.639263
0.170478 0.096038
0.228754 0.108862
0.660415 0.645240
0.601379 0.550861
0.385140 0.312466
0.047261 0.621507
0.323957 0.672305
0.746435 0.427331
0.335479 0.149438
0.389195 0.597647
0.196405 0.659029
0.977202 0.295101
0.829351 0.769686
0.901019 0.113006
0.434237 0.299050
0.213969 0.133102
0.182779 0.052206
0.961624 0.426811
0.021967 0.415343
0.205104 0.662222
0.175987 0.964750
0.805522 0.544927
0.400324 0.589777
0.237904 0.383370
0.449190 0.307113
0.529878 0.649778
0.659093 0.811331
0.372918 0.044720
0.627718 0.616399
0.055558 0.821072
0.760618 0.764899
0.705970 0.657304
0.235510 0.313915
0.223178 0.972512
0.948691 0.004022
0.646048 0.604835
0.131607 0.463155
0.917031 0.243968
0.534873 0.366166
0.606976 0.149214
0.439886 0.844074
0.172309 0.346608
0.003157 0.448945
0.053298 0.414515
0.779811 0.749340
0.290832 0.159532
0.010481 0.252898
0.155763 0.460808
0.904771 0.794793
0.479859 0.094292
0.996330 0.764845
0.324328 0.756207
0.986689 0.579140
0.280863 0.598135
0.469978 0.862433
0.916642 0.916188
0.007978 0.378278
0.090100 0.715035
0.314178 0.598124
0.390990 0.678232
0.372310 0.042807
0.412349 0.451415
0.357584 0.925530
0.913823 0.388425
0.621277 0.254822
0.798878 0.800719
0.745223 0.691438
0.963377 0.005323
0.474356 0.456426
0.497889 0.149927
0.014604 0.816986
0.448229 0.091052
0.387334 0.316129
0.921873 0.183383
0.925043 0.126176
0.204015 0.645083
0.875947 0.906542
0.046245 0.245373
0.233280 0.984481
0.732333 0.176281
0.325242 0.762525
0.336610 0.752275
0.397051 0.492033
0.233241 0.600546
0.089585 0.380572
0.652853 0.276856
0.493919 0.115579
0.296316 0.531170
0.191102 0.378715
0.847448 0.069506
0.066701 0.183794
0.050181 0.021920
0.399691 0.406376
0.602330 0.955480
0.355833 0.748760
0.477729 0.402460
0.190167 0.144722
0.130542 0.350470
0.012090 0.344526
0.197755 0.441548
0.663412 0.098924
0.968926 0.609530
0.736808 0.367538
0.526492 0.203350
0.744616 0.706607
0.767637 0.944198
0.673155 0.142552
0.709242 0.865760
0.224442 0.824507
0.191828 0.485515
0.059019 0.049377
0.924457 0.883481
0.346061 0.658366
0.245682 0.163954
0.183304 0.572046
0.782811 0.376251
0.709899 0.645120
0.275408 0.536486
0.784829 0.721941
0.619248 0.656865
0.707785 0.925400
0.742330 0.197464
0.339084 0.777183
0.981157 0.113192
0.303730 0.421607
0.782979 0.948278
0.534256 0.708050
0.237780 0.197796
0.366687 0.354958
0.902907 0.779424
0.150121 0.778682
0.076614 0.310799
0.659049 0.590481
0.643586 0.220300
0.752779 0.582488
0.951188 0.874489
0.613474 0.534158
0.659883 0.590807
0.647896 0.686088
0.182437 0.074509
0.224591 0.275009
0.693285 0.071941
0.035327 0.106838
0.741931 0.621595
0.642576 0.140626
0.777337 0.494840
0.699479 0.775145
0.136001 0.866198
0.771840 0.185974
0.313345 0.665967
0.393537 0.904223
0.169754 0.280268
0.049209 0.456342
0.055289 0.736696
0.242478 0.643968
0.335488 0.171208
0.549823 0.485857
0.877969 0.805022
0.020834 0.009023
0.164659 0.657599
0.415800 0.268023
0.352577 0.655482
0.757673 0.684183
0.202228 0.055643
0.841058 0.189971
0.658964 0.846832
0.201742 0.702319
0.677607 0.872721
0.538285 0.827561
0.958320 0.819125
0.484501 0.031000
0.015958 0.016867
0.199837 0.475360
0.656667 0.374640
0.595734 0.574805
0.497801 0.742589
0.537698 0.697213
0.083766 0.061560
0.862588 0.638605
0.514128 0.026241
0.952439 0.035943
0.634922 0.098605
0.133466 0.255315
0.164389 0.078224
0.887831 0.712304
0.770633 0.685105
0.031701 0.557904
0.792453 0.689205
0.757551 0.467692
0.164836 0.500079
0.397897 0.831872
0.459069 0.271942
0.564799 0.524718
0.579295 0.932825
0.207063 0.996545
0.115649 0.926931
0.705947 0.935176
0.858405 0.500355
0.206394 0.464104
0.861846 0.200299
0.048092 0.424792
0.275039 0.479658
0.587597 0.605188
0.737085 0.395339
0.189458 0.467398
0.221868 0.554651
0.929811 0.024309
0.339055 0.558084
0.494826 0.716906
0.545574 0.044875
0.468258 0.219418
0.015058 0.763258
0.081647 0.072640
0.242848 0.856582
0.550455 0.566010
0.496614 0.922048
0.597956 0.855197
0.842496 0.294207
0.824491 0.730551
0.219418 0.362386
0.764580 0.623131
0.302526 0.956899
0.553881 0.594329
0.077882 0.892281
0.959711 0.574914
0.859299 0.580017
0.244747 0.349887
0.458688 0.545473
0.163479 0.764677
0.586230 0.921637
0.768750 0.959954
0.375696 0.951332
0.325425 0.040353
0.417601 0.212608
0.615034 0.302255
0.869219 0.001845
0.969719 0.017240
0.065670 0.747373
0.718882 0.100369
0.256292 0.901985
0.506462 0.665062
0.104941 0.697439
0.749661 0.858687
0.546023 0.958816
0.004050 0.816016
0.068203 0.779099
0.289440 0.311948
0.612674 0.902705
0.205876 0.761717
0.166272 0.185851
0.541659 0.601621
0.670156 0.444920
0.313372 0.775643
0.837519 0.228345
0.176937 0.788018
0.783532 0.217309
0.818623 0.306878
0.595090 0.697218
0.671169 0.150648
0.343856 0.933247
0.194492 0.081624
0.826641 0.850395
0.357952 0.588069
0.105154 0.667733
0.323948 0.587090
0.590792 0.229376
0.443486 0.116093
0.666152 0.167138
0.021231 0.093353
0.835151 0.984255
0.388012 0.378614
0.324737 0.366206
0.851612 0.825733
0.046346 0.102019
0.945157 0.626264
0.255809 0.624998
0.388576 0.347284
0.797265 0.800366
0.640424 0.743202
0.613985 0.997889
0.252579 0.521425
0.090103 0.583412
0.355360 0.397372
0.542831 0.635463
0.367515 0.231691
0.829344 0.026946
0.778787 0.875330
0.077061 0.676845
0.170047 0.740097
0.985018 0.817192
0.202911 0.547302
0.317395 0.507978
0.462288 0.583350
0.666838 0.362836
0.554255 0.181400
0.366675 0.786571
0.702458 0.900607
0.204291 0.505286
0.513102 0.337841
0.711871 0.100458
0.409102 0.405728
0.770098 0.072600
0.044477 0.192835
0.530346 0.977735
0.520336 0.790278
0.293445 0.196159
0.927229 0.837569
0.932469 0.020917
0.008840 0.555530
0.574432 0.785358
0.482535 0.508016
0.961224 0.224517
0.299312 0.464592
0.533533 0.391815
0.094354 0.239979
0.808453 0.323765
0.662567 0.517667
0.770828 0.420980
0.299977 0.413523
0.709706 0.084480
0.028889 0.853407
0.542627 0.217031
0.930706 0.644600
0.377361 0.795293
0.302441 0.481741
0.127330 0.628558
0.027548 0.179556
0.999608 0.797671
0.406503 0.451565
0.096547 0.451788
0.673000 0.207984
0.106058 0.585563
0.519963 0.559503
0.016376 0.562468
0.228089 0.403159
0.484251 0.894005
0.798382 0.534155
0.406571 0.545234
0.237773 0.741547
0.250191 0.184718
0.962930 0.555291
0.964900 0.768317
0.069401 0.107496
0.418721 0.680794
0.436098 0.111379
0.493666 0.951869
0.049877 0.058412
0.286473 0.733601
0.756127 0.624440
0.219472 0.954756
0.669739 0.590824
0.305414 0.973167
0.087419 0.012116
0.258889 0.633832
0.154554 0.817430
0.583994 0.541873
0.189835 0.263508
0.557517 0.784193
0.189296 0.931519
0.493110 0.046608
0.701522 0.336314
0.476208 0.425678
0.622530 0.377911
0.855044 0.544084
0.720435 0.419854
0.345080 0.482577
0.751734 0.669487
0.399396 0.074525
0.655970 0.548376
0.895273 0.555343
0.846838 0.645137
0.802989 0.812053
0.843290 0.167461
0.178820 0.520259
0.435772 0.996545
0.015975 0.931893
0.488880 0.330134
0.610258 0.554129
0.611493 0.248288
0.364473 0.974727
0.697310 0.244916
0.684436 0.305944
0.314354 0.005419
0.345852 0.069261
0.727299 0.062694
0.712955 0.694968
0.632192 0.334289
0.249842 0.390113
0.099993 0.635624
0.587819 0.939552
0.476806 0.049341
0.679993 0.271967
0.646604 0.953290
0.474249 0.942104
0.704711 0.943988
0.076585 0.608155
0.156808 0.269097
0.469108 0.705398
0.292437 0.627288
0.996272 0.832195
0.341548 0.695976
0.392018 0.262639
0.653739 0.178951
0.396962 0.635874
0.736339 0.129751
0.646073 0.723424
0.556508 0.583444
0.235087 0.940671
0.103420 0.857178
0.181288 0.597552
0.905973 0.060454
0.685494 0.044184
0.102416 0.604601
0.297642 0.530310
0.460981 0.926972
0.702845 0.624499
0.721770 0.954121
0.790019 0.914067
0.844376 0.727968
0.434312 0.964762
0.481959 0.747912
0.277525 0.153850
0.357900 0.763007
0.223091 0.856935
0.489073 0.500847
0.848559 0.736788
0.739018 0.193887
0.667427 0.651696
0.445095 0.052654
0.718725 0.959848
0.618962 0.167186
0.902613 0.896941
0.223468 0.889728
0.828205 0.666281
0.642360 0.185802
0.137441 0.767369
0.973431 0.174393
0.457149 0.026323
0.309835 0.417532
0.393802 0.464346
0.636200 0.262842
0.612600 0.586013
0.967823 0.112724
0.203566 0.550267
0.335741 0.344004
0.805787 0.677674
0.864085 0.662214
0.683833 0.837000
0.189098 0.453611
0.173970 0.844103
0.920184 0.837267
0.525881 0.947497
0.477531 0.578979
0.867959 0.902061
0.786390 0.935947
0.864477 0.461167
0.261905 0.828932
0.831570 0.860488
0.202881 0.223863
0.814715 0.466571
0.921693 0.651952
0.892599 0.349754
0.914932 0.308579
0.259783 0.291759
0.172879 0.586474
0.575636 0.872499
0.711203 0.083371
0.183020 0.220513
0.019088 0.155625
0.815163 0.583203
0.450316 0.899611
0.457130 0.767186
0.988249 0.101095
0.506088 0.109986
0.813511 0.541586
0.678679 0.437292
0.562038 0.560219
0.170600 0.597929
0.272461 0.397606
0.254571 0.558924
0.574770 0.834878
0.152739 0.797831
0.088734 0.148915
0.355242 0.818934
0.554112 0.826673
0.957859 0.894880
0.738947 0.255110
0.487015 0.627077
0.258199 0.283093
0.546005 0.939808
0.712815 0.361130
0.284031 0.517127
0.704190 0.349052
0.323965 0.517935
0.871438 0.930863
0.257031 0.011638
0.917401 0.606552
0.756312 0.322727
0.335518 0.075452
0.045475 0.124048
0.297630 0.879029
0.261494 0.843919
0.936163 0.748050
0.097713 0.483299
