0.512909 0.940407 0.000000
0.460484 0.415557 1.000000
0.350395 0.272025 1.000000
0.095046 0.928002 0.000000
0.433671 0.921315 0.000000
0.709235 0.542025 1.000000
0.115968 0.812885 0.000000
0.078085 0.166378 0.000000
0.369253 0.320382 1.000000
0.033628 0.657881 0.000000
0.192150 0.001763 1.000000
0.471360 0.628951 0.000000
0.144923 0.785286 0.000000
0.717836 0.294686 1.000000
0.661714 0.789684 0.000000
0.431870 0.215886 1.000000
0.446035 0.403213 1.000000
0.508332 0.802396 0.000000
0.528088 0.862149 0.000000
0.572878 0.143770 1.000000
0.360822 0.345059 1.000000
0.336477 0.412430 0.000000
0.173266 0.710129 0.000000
0.086118 0.142832 0.000000
0.393336 0.577453 0.000000
0.804368 0.256027 1.000000
0.011081 0.046425 0.000000
0.233113 0.270999 0.000000
0.933851 0.677885 1.000000
0.226798 0.219393 1.000000
0.785947 0.340164 1.000000
0.410729 0.139813 1.000000
0.119393 0.832864 0.000000
0.634370 0.939878 0.000000
0.862388 0.525193 1.000000
0.158244 0.921584 0.000000
0.601185 0.062254 1.000000
0.117607 0.303957 0.000000
0.626098 0.598687 1.000000
0.835125 0.125176 1.000000
